:  Test Pattern Example
: first col and first row + 4 pixels hit
11111111 11111111 11111111 11111111 11111111 11111111 111111
10000000 00000000 00000000 00000000 00000000 00000000 000000
10000000 00000000 00000000 00000000 00000000 00000000 000000
10000000 00000000 00000000 00000000 00000000 00000000 000000
10000000 00000000 00000000 00000000 00000000 00000000 000000
10000000 00001000 00000000 00000000 00000000 00000000 000000
10000000 00000000 00000000 00000000 00000000 00000000 000000
10000000 00000000 00000000 00000000 00000000 00000000 000000
10000000 00000000 00100000 00000000 00000000 00000000 000000
10000000 00000000 00000000 00000000 00000000 00000000 000000
10000000 00000000 00000000 00000000 00000000 00000000 000000
10000000 00000000 00000000 00000000 00000000 00000000 000000
10000000 00000000 00000000 00000000 00000000 00000000 000000
10000000 00000000 00000000 00000000 00000000 00000000 000000
10000000 00000000 00000000 00000000 00000000 00000000 000000
10000000 00000000 00000000 00000000 00000000 00000000 000000
10000000 00000000 00000000 00000000 00000000 00000000 000000
10000000 00000000 00000000 00000000 00000000 00000000 000000
00100000 00000000 00000000 00000000 00000000 00000000 000000
10000000 00000000 00000000 00000000 00000000 00000000 000000
10000000 00000000 00000000 00000000 00000000 00000000 000000
10000000 00000000 00000000 00000000 00000000 00000000 000000
10000000 00000000 00000000 00000000 00000000 00000000 000000
10000000 00010000 00000000 00000000 00000000 00000000 000000
10000000 00010000 00000000 00000000 00000000 00000000 000000
10000000 00000000 00000000 00000000 00000000 00000000 000000
10000000 00000000 00000000 00000000 00000000 00000000 000000
10000000 00000000 00000000 00000000 00000000 00000000 000000
10000000 00000000 00000000 00000000 00000000 00000000 000000
10000000 00000000 00000000 00000000 00000000 00000000 000000
10000000 00000000 00000000 00000000 00000000 00000000 000000
10000000 00000000 00000000 00000000 00000000 00000000 000000
10000000 00000000 00000000 00000000 00000000 00000000 000000
10000000 00000000 00000000 00000000 00000000 00000000 000000
10000000 00000000 00000000 00000000 00000000 00000000 000000
10000000 00000000 00000000 00000000 00000000 00000000 000000
10000000 00000000 00000000 00000000 00000000 00000000 000000
10000000 00000000 00000000 00000000 00000000 00000000 000000
10000000 00000000 00000000 00000000 00000000 00000000 000000
10000000 00000000 00000000 00000000 00000000 00000000 000000
10000000 00000000 00000000 00000000 00000000 00000000 000000
10000000 00000000 00000000 00000000 00000000 00000000 000000
10000000 00000000 00000000 00000000 00000000 00000000 000000
10000000 00000000 00000000 00000000 00000000 00000000 000000
10000000 00000000 00000000 00000000 00000000 00000000 000000
10000000 00000000 00000000 00000000 00000000 00000000 000000
10000000 00000000 00000000 00000000 00000000 00000000 000000
10000000 00000000 00000000 00000000 00000000 00000000 000000
10000000 00000000 00000000 00000000 00000000 00000000 000000
10000000 00000000 00000000 00000000 00000000 00000000 000000
10000000 00000000 00000000 00000000 00000000 00000000 000000
10000000 00000000 00000000 00000000 00000000 00000000 000000
10000000 00000000 00000000 00000000 00000000 00000000 000000
10000000 00000000 00000000 00000000 00000000 00000000 000000
10000000 00000000 00000000 00000000 00000000 00000000 000000
10000000 00000000 00000000 00000000 00000000 00000000 000000
10000000 00000000 00000000 00000000 00000000 00000000 000000
10000000 00000000 00000000 00000000 00000000 00000000 000000
10000000 00000000 00000000 00000000 00000000 00000000 000000
10000000 00000000 00000000 00000000 00000000 00000000 000000
10000000 00000000 00000000 00000000 00000000 00000000 000000
10000000 00000000 00000000 00000000 00000000 00000000 000000
10000000 00000000 00000000 00000000 00000000 00000000 000000
10000000 00000000 00000000 00000000 00000000 00000000 000000
10000000 00000000 00000000 00000000 00000000 00000000 000000
10000000 00000000 00000000 00000000 00000000 00000000 000000
10000000 00000000 00000000 00000000 00000000 00000000 000000
10000000 00000000 00000000 00000000 00000000 00000000 000000
10000000 00000000 00000000 00000000 00000000 00000000 000000
10000000 00000000 00000000 00000000 00000000 00000000 000000
10000000 00000000 00000000 00000000 00000000 00000000 000000
10000000 00000000 00000000 00000000 00000000 00000000 000000
10000000 00000000 00000000 00000000 00000000 00000000 000000
10000000 00000000 00000000 00000000 00000000 00000000 000000
10000000 00000000 00000000 00000000 00000000 00000000 000000
10000000 00000000 00000000 00000000 00000000 00000000 000000
10000000 00000000 00000000 00000000 00000000 00000000 000000
10000000 00000000 00000000 00000000 00000000 00000000 000000
10000000 00000000 00000000 00000000 00000000 00000000 000000
10000000 00000000 00000000 00000000 00000000 00000000 000000
10000000 00000000 00000000 00000000 00000000 00000000 000000
10000000 00000000 00000000 00000000 00000000 00000000 000000
10000000 00000000 00000000 00000000 00000000 00000000 000000
10000000 00000000 00000000 00000000 00000000 00000000 000000
10000000 00000000 00000000 00000000 00000000 00000000 000000
10000000 00000000 00000000 00000000 00000000 00000000 000000
10000000 00000000 00000000 00000000 00000000 00000000 000000
10000000 00000000 00000000 00000000 00000000 00000000 000000
10000000 00000000 00000000 00000000 00000000 00000000 000000
10000000 00000000 00000000 00000000 00000000 00000000 000000
10000000 00000000 00000000 00000000 00000000 00000000 000000
10000000 00000000 00000000 00000000 00000000 00000000 000000
10000000 00000000 00000000 00000000 00000000 00000000 000000
10000000 00000000 00000000 00000000 00000000 00000000 000000
10000000 00000000 00000000 00000000 00000000 00000000 000000
10000000 00000000 00000000 00000000 00000000 00000000 000000
10000000 00000000 00000000 00000000 00000000 00000000 000000
10000000 00000000 00000000 00000000 00000000 00000000 000000
10000000 00000000 00000000 00000000 00000000 00000000 000000
10000000 00000000 00000000 00000000 00000000 00000000 000000
10000000 00000000 00000000 00000000 00000000 00000000 000000
10000000 00000000 00000000 00000000 00000000 00000000 000000
10000000 00000000 00000000 00000000 00000000 00000000 000000
10000000 00000000 00000000 00000000 00000000 00000000 000000
10000000 00000000 00000000 00000000 00000000 00000000 000000
10000000 00000000 00000000 00000000 00000000 00000000 000000
10000000 00000000 00000000 00000000 00000000 00000000 000000
10000000 00000000 00000000 00000000 00000000 00000000 000000
10000000 00000000 00000000 00000000 00000000 00000000 000000
10000000 00000000 00000000 00000000 00000000 00000000 000000
10000000 00000000 00000000 00000000 00000000 00000000 000000
10000000 00000000 00000000 00000000 00000000 00000000 000000
10000000 00000000 00000000 00000000 00000000 00000000 000000
10000000 00000000 00000000 00000000 00000000 00000000 000000
10000000 00000000 00000000 00000000 00000000 00000000 000000
10000000 00000000 00000000 00000000 00000000 00000000 000000
10000000 00000000 00000000 00000000 00000000 00000000 000000
10000000 00000000 00000000 00000000 00000000 00000000 000000
10000000 00000000 00000000 00000000 00000000 00000000 000000
10000000 00000000 00000000 00000000 00000000 00000000 000000
00000000 00000000 00100000 00000000 00000000 00000000 000000
10000000 00000000 00000000 00000000 00000000 00000000 000000
10000000 00000000 00000000 00000000 00000000 00000000 000000
10000000 00000000 00000000 00000000 00000000 00000000 000000
10000000 00000000 00000000 00000000 00000000 00000000 000000
10000000 00000000 00000000 00000000 00000000 00000000 000000
10000000 00000000 00000000 00000000 00000000 00000000 000000
10000000 00000000 00000000 00000000 00000000 00000000 000000
 