:  Test Pattern Example
: 3 pixels hit in 3 corners 
: and 48 first pixels of row 29
00000000 00000000 00000000 00000000 00000000 00000000 000000
00000000 00000000 00000000 00000000 00000000 00000000 000010
00000000 00000000 00000000 00000000 00000000 00000000 000100
00000000 00000000 00000000 00000000 00000000 00000000 001000
00000000 00000000 00000000 00000000 00000000 00000000 000000
00000000 00000000 00000000 00000000 00000000 00000000 000000
00000000 00000000 00000000 00000000 00000000 00000000 000000
00000000 00000000 00000000 00000000 00000000 00000000 000000
00000000 00000000 00000000 00000000 00000000 00000000 000000
00000000 00000000 00000000 00000000 00000000 00000000 000000
00000000 00000000 00000000 00000000 00000000 00000000 000000
00000000 00000000 00000000 00000000 00000000 00000000 000000
00000000 00000000 00000000 00000000 00000000 00000000 000000
00000000 00000000 00000000 00000000 00000000 00000000 000000
00000000 00000000 00000000 00000000 00000000 00000000 000000
00000000 00000000 00000000 00000000 00000000 00000000 000000
00000000 00000000 00000000 00000000 00000000 00000000 000000
00000000 00000000 00000000 00000000 00000000 00000000 000000
00000000 00000000 00000000 00000000 00000000 00000000 000000
00000000 00000000 00000000 00000000 00000000 00000000 000000
00000000 00000000 00000000 00000000 00000000 00000000 000000
00000000 00000000 00000000 00000000 00000000 00000000 000000
00000000 00000000 00000000 00000000 00000000 00000000 000000
00000000 00000000 00000000 00000000 00000000 00000000 000000
00000000 00000000 00000000 00000000 00000000 00000000 000000
00000000 00000000 00000000 00000000 00000000 00000000 000000
00000000 00000000 00000000 00000000 00000000 00000000 000000
00000000 00000000 00000000 00000000 00000000 00000000 000000
00000000 00000000 00000000 00000000 00000000 00000000 000000
00000000 00000000 00000000 00000000 00000000 00000000 000000
11111111 11111111 11111111 11111111 11111111 11111111 000000
00000000 00000000 00000000 00000000 00000000 00000000 000000
00000000 00000000 00000000 00000000 00000000 00000000 000000
00000000 00000000 00000000 00000000 00000000 00000000 000000
00000000 00000000 00000000 00000000 00000000 00000000 000000
00000000 00000000 00000000 00000000 00000000 00000000 000000
00000000 00000000 00000000 00000000 00000000 00000000 000000
00000000 00000000 00000000 00000000 00000000 00000000 000000
00000000 00000000 00000000 00000000 00000000 00000000 000000
00000000 00000000 00000000 00000000 00000000 00000000 000000
00000000 00000000 00000000 00000000 00000000 00000000 000000
00000000 00000000 00000000 00000000 00000000 00000000 000000
00000000 00000000 00000000 00000000 00000000 00000000 000000
00000000 00000000 00000000 00000000 00000000 00000000 000000
00000000 00000000 00000000 00000000 00000000 00000000 000000
00000000 00000000 00000000 00000000 00000000 00000000 000000
00000000 00000000 00000000 00000000 00000000 00000000 000000
00000000 00000000 00000000 00000000 00000000 00000000 000000
00000000 00000000 00000000 00000000 00000000 00000000 000000
00000000 00000000 00000000 00000000 00000000 00000000 000000
00000000 00000000 00000000 00000000 00000000 00000000 000000
00000000 00000000 00000000 00000000 00000000 00000000 000000
00000000 00000000 00000000 00000000 00000000 00000000 000000
00000000 00000000 00000000 00000000 00000000 00000000 000000
00000000 00000000 00000000 00000000 00000000 00000000 000000
00000000 00000000 00000000 00000000 00000000 00000000 000000
00000000 00000000 00000000 00000000 00000000 00000000 000000
00000000 00000000 00000000 00000000 00000000 00000000 000000
00000000 00000000 00000000 00000000 00000000 00000000 000000
00000000 00000000 00000000 00000000 00000000 00000000 000000
00000000 00000000 00000000 00000000 00000000 00000000 000000
00000000 00000000 00000000 00000000 00000000 00000000 000000
00000000 00000000 00000000 00000000 00000000 00000000 000000
00000000 00000000 00000000 00000000 00000000 00000000 000000
00000000 00000000 00000000 00000000 00000000 00000000 000000
00000000 00000000 00000000 00000000 00000000 00000000 000000
00000000 00000000 00000000 00000000 00000000 00000000 000000
00000000 00000000 00000000 00000000 00000000 00000000 000000
00000000 00000000 00000000 00000000 00000000 00000000 000000
00000000 00000000 00000000 00000000 00000000 00000000 000000
00000000 00000000 00000000 00000000 00000000 00000000 000000
00000000 00000000 00000000 00000000 00000000 00000000 000000
00000000 00000000 00000000 00000000 00000000 00000000 000000
00000000 00000000 00000000 00000000 00000000 00000000 000000
00000000 00000000 00000000 00000000 00000000 00000000 000000
00000000 00000000 00000000 00000000 00000000 00000000 000000
00000000 00000000 00000000 00000000 00000000 00000000 000000
00000000 00000000 00000000 00000000 00000000 00000000 000000
00000000 00000000 00000000 00000000 00000000 00000000 000000
00000000 00000000 00000000 00000000 00000000 00000000 000000
00000000 00000000 00000000 00000000 00000000 00000000 000000
00000000 00000000 00000000 00000000 00000000 00000000 000000
00000000 00000000 00000000 00000000 00000000 00000000 000000
00000000 00000000 00000000 00000000 00000000 00000000 000000
00000000 00000000 00000000 00000000 00000000 00000000 000000
00000000 00000000 00000000 00000000 00000000 00000000 000000
00000000 00000000 00000000 00000000 00000000 00000000 000000
00000000 00000000 00000000 00000000 00000000 00000000 000000
00000000 00000000 00000000 00000000 00000000 00000000 000000
00000000 00000000 00000000 00000000 00000000 00000000 000000
00000000 00000000 00000000 00000000 00000000 00000000 000000
00000000 00000000 00000000 00000000 00000000 00000000 000000
00000000 00000000 00000000 00000000 00000000 00000000 000000
00000000 00000000 00000000 00000000 00000000 00000000 000000
00000000 00000000 00000000 00000000 00000000 00000000 000000
00000000 00000000 00000000 00000000 00000000 00000000 000000
00000000 00000000 00000000 00000000 00000000 00000000 000000
00000000 00000000 00000000 00000000 00000000 00000000 000000
00000000 00000000 00000000 00000000 00000000 00000000 000000
00000000 00000000 00000000 00000000 00000000 00000000 000000
00000000 00000000 00000000 00000000 00000000 00000000 000000
00000000 00000000 00000000 00000000 00000000 00000000 000000
00000000 00000000 00000000 00000000 00000000 00000000 000000
00000000 00000000 00000000 00000000 00000000 00000000 000000
00000000 00000000 00000000 00000000 00000000 00000000 000000
00000000 00000000 00000000 00000000 00000000 00000000 000000
00000000 00000000 00000000 00000000 00000000 00000000 000000
00000000 00000000 00000000 00000000 00000000 00000000 000000
00000000 00000000 00000000 00000000 00000000 00000000 000000
00000000 00000000 00000000 00000000 00000000 00000000 000000
00000000 00000000 00000000 00000000 00000000 00000000 000000
00000000 00000000 00000000 00000000 00000000 00000000 000000
00000000 00000000 00000000 00000000 00000000 00000000 000000
00000000 00000000 00000000 00000000 00000000 00000000 000000
00000000 00000000 00000000 00000000 00000000 00000000 000000
00000000 00000000 00000000 00000000 00000000 00000000 000000
00000000 00000000 00000000 00000000 00000000 00000000 000000
00000000 00000000 00000000 00000000 00000000 00000000 000000
00000000 00000000 00000000 00000000 00000000 00000000 000000
00000000 00000000 00000000 00000000 00000000 00000000 000000
00000000 00000000 00000000 00000000 00000000 00000000 000000
00000000 00000000 00000000 00000000 00000000 00000000 000000
00000000 00000000 00000000 00000000 00000000 00000000 000000
00000000 00000000 00000000 00000000 00000000 00000000 000000
00010000 00000000 00000000 00000000 00000000 00000000 001000
00100000 00000000 00000000 00000000 00000000 00000000 000100
01000000 00000000 00000000 00000000 00000000 00000000 000010
00000000 00000000 00000000 00000000 00000000 00000000 000000
 