:cfg_write 213
:(35,7)(37,8)(38,7)(39,6)(41,7)(42,9)(43,5)(46,5)(47,7)(48,6)(49,5)(49,8)(50,10)(51,6)(51,9)(52,11)(53,4)(53,10)(54,6)(54,9)(55,5)(55,8)(56,7)(58,5)(59,4)(59,7)(59,10)(60,6)(61,2)(61,5)(61,8)(61,11)(62,1)(62,4)(62,7)(62,10)(62,13)(63,3)(63,12)(64,8)(65,1)(65,4)(65,10)(65,13)(66,3)(66,6)(66,9)(66,12)(67,2)(67,5)(67,8)(67,11)(68,4)(68,10)(69,3)(69,6)(70,11)(70,14)(71,4)(71,13)(72,6)(72,9)(73,5)(73,8)(73,11)(73,14)(74,4)(74,7)(75,3)(75,6)(75,9)(76,5)(76,14)(77,4)(77,7)(77,13)(78,6)(78,9)(79,5)(79,8)(79,11)(80,4)(80,7)(80,10)(80,16)(81,6)(81,9)(81,12)(81,15)(82,5)(82,11)(82,14)(82,17)(83,10)(83,13)(84,6)(84,9)(84,12)(85,5)(85,8)(85,11)(85,14)(85,17)(86,7)(86,13)(86,16)(87,6)(87,9)(87,15)(88,8)(89,7)(90,6)(90,9)(91,11)(92,10)(92,13)(92,16)(93,9)(93,12)(93,18)(94,8)(94,11)(94,14)(94,17)(95,7)(95,10)(96,9)(96,12)(96,18)(97,8)(97,11)(97,14)(97,17)(98,13)(98,16)(99,9)(99,15)(100,11)(100,14)(101,10)(101,16)(101,19)(102,9)(102,12)(102,15)(103,11)(103,14)(103,17)(104,13)(104,16)(105,9)(105,15)(105,18)(105,21)(106,14)(107,13)(107,16)(107,19)(107,22)(108,12)(108,15)(108,18)(108,21)(109,11)(109,14)(109,23)(110,10)(110,22)(111,12)(111,18)(112,14)(112,20)(113,16)(113,19)(113,22)(114,12)(114,15)(114,18)(114,21)(114,24)(115,17)(116,16)(116,22)(117,12)(117,15)(117,21)(117,24)(118,14)(118,17)(118,20)(119,13)(119,19)(119,22)(119,25)(120,18)(120,21)(121,17)(121,23)(122,16)(122,22)(122,25)(123,15)(123,18)(123,24)(124,14)(124,20)(124,23)(125,16)(125,22)(125,25)(126,15)(126,21)(127,14)
00000000 00000000 00000000 00000000 00000000 00000000 000000
00000000 00000000 00000000 00000000 00000000 00000000 000000
00000000 00000000 00000000 00000000 00000000 00000000 000000
00000000 00000000 00000000 00000000 00000000 00000000 000000
00000000 00000000 00000000 00000000 00000000 00000000 000000
00000000 00000000 00000000 00000000 00000000 00000000 000000
00000000 00000000 00000000 00000000 00000000 00000000 000000
00000000 00000000 00000000 00000000 00000000 00000000 000000
00000000 00000000 00000000 00000000 00000000 00000000 000000
00000000 00000000 00000000 00000000 00000000 00000000 000000
00000000 00000000 00000000 00000000 00000000 00000000 000000
00000000 00000000 00000000 00000000 00000000 00000000 000000
00000000 00000000 00000000 00000000 00000000 00000000 000000
00000000 00000000 00000000 00000000 00000000 00000000 000000
00000000 00000000 00000000 00000000 00000000 00000000 000000
00000000 00000000 00000000 00000000 00000000 00000000 000000
00000000 00000000 00000000 00000000 00000000 00000000 000000
00000000 00000000 00000000 00000000 00000000 00000000 000000
00000000 00000000 00000000 00000000 00000000 00000000 000000
00000000 00000000 00000000 00000000 00000000 00000000 000000
00000000 00000000 00000000 00000000 00000000 00000000 000000
00000000 00000000 00000000 00000000 00000000 00000000 000000
00000000 00000000 00000000 00000000 00000000 00000000 000000
00000000 00000000 00000000 00000000 00000000 00000000 000000
00000000 00000000 00000000 00000000 00000000 00000000 000000
00000000 00000000 00000000 00000000 00000000 00000000 000000
00000000 00000000 00000000 00000000 00000000 00000000 000000
00000000 00000000 00000000 00000000 00000000 00000000 000000
00000000 00000000 00000000 00000000 00000000 00000000 000000
00000000 00000000 00000000 00000000 00000000 00000000 000000
00000000 00000000 00000000 00000000 00000000 00000000 000000
00000000 00000000 00000000 00000000 00000000 00000000 000000
00000000 00000000 00000000 00000000 00000000 00000000 000000
00000000 00000000 00000000 00000000 00000000 00000000 000000
00000000 00000000 00000000 00000000 00000000 00000000 000000
00000001 00000000 00000000 00000000 00000000 00000000 000000
00000000 00000000 00000000 00000000 00000000 00000000 000000
00000000 10000000 00000000 00000000 00000000 00000000 000000
00000001 00000000 00000000 00000000 00000000 00000000 000000
00000010 00000000 00000000 00000000 00000000 00000000 000000
00000000 00000000 00000000 00000000 00000000 00000000 000000
00000001 00000000 00000000 00000000 00000000 00000000 000000
00000000 01000000 00000000 00000000 00000000 00000000 000000
00000100 00000000 00000000 00000000 00000000 00000000 000000
00000000 00000000 00000000 00000000 00000000 00000000 000000
00000000 00000000 00000000 00000000 00000000 00000000 000000
00000100 00000000 00000000 00000000 00000000 00000000 000000
00000001 00000000 00000000 00000000 00000000 00000000 000000
00000010 00000000 00000000 00000000 00000000 00000000 000000
00000100 10000000 00000000 00000000 00000000 00000000 000000
00000000 00100000 00000000 00000000 00000000 00000000 000000
00000010 01000000 00000000 00000000 00000000 00000000 000000
00000000 00010000 00000000 00000000 00000000 00000000 000000
00001000 00100000 00000000 00000000 00000000 00000000 000000
00000010 01000000 00000000 00000000 00000000 00000000 000000
00000100 10000000 00000000 00000000 00000000 00000000 000000
00000001 00000000 00000000 00000000 00000000 00000000 000000
00000000 00000000 00000000 00000000 00000000 00000000 000000
00000100 00000000 00000000 00000000 00000000 00000000 000000
00001001 00100000 00000000 00000000 00000000 00000000 000000
00000010 00000000 00000000 00000000 00000000 00000000 000000
00100100 10010000 00000000 00000000 00000000 00000000 000000
01001001 00100100 00000000 00000000 00000000 00000000 000000
00010000 00001000 00000000 00000000 00000000 00000000 000000
00000000 10000000 00000000 00000000 00000000 00000000 000000
01001000 00100100 00000000 00000000 00000000 00000000 000000
00010010 01001000 00000000 00000000 00000000 00000000 000000
00100100 10010000 00000000 00000000 00000000 00000000 000000
00001000 00100000 00000000 00000000 00000000 00000000 000000
00010010 00000000 00000000 00000000 00000000 00000000 000000
00000000 00010010 00000000 00000000 00000000 00000000 000000
00001000 00000100 00000000 00000000 00000000 00000000 000000
00000010 01000000 00000000 00000000 00000000 00000000 000000
00000100 10010010 00000000 00000000 00000000 00000000 000000
00001001 00000000 00000000 00000000 00000000 00000000 000000
00010010 01000000 00000000 00000000 00000000 00000000 000000
00000100 00000010 00000000 00000000 00000000 00000000 000000
00001001 00000100 00000000 00000000 00000000 00000000 000000
00000010 01000000 00000000 00000000 00000000 00000000 000000
00000100 10010000 00000000 00000000 00000000 00000000 000000
00001001 00100000 10000000 00000000 00000000 00000000 000000
00000010 01001001 00000000 00000000 00000000 00000000 000000
00000100 00010010 01000000 00000000 00000000 00000000 000000
00000000 00100100 00000000 00000000 00000000 00000000 000000
00000010 01001000 00000000 00000000 00000000 00000000 000000
00000100 10010010 01000000 00000000 00000000 00000000 000000
00000001 00000100 10000000 00000000 00000000 00000000 000000
00000010 01000001 00000000 00000000 00000000 00000000 000000
00000000 10000000 00000000 00000000 00000000 00000000 000000
00000001 00000000 00000000 00000000 00000000 00000000 000000
00000010 01000000 00000000 00000000 00000000 00000000 000000
00000000 00010000 00000000 00000000 00000000 00000000 000000
00000000 00100100 10000000 00000000 00000000 00000000 000000
00000000 01001000 00100000 00000000 00000000 00000000 000000
00000000 10010010 01000000 00000000 00000000 00000000 000000
00000001 00100000 00000000 00000000 00000000 00000000 000000
00000000 01001000 00100000 00000000 00000000 00000000 000000
00000000 10010010 01000000 00000000 00000000 00000000 000000
00000000 00000100 10000000 00000000 00000000 00000000 000000
00000000 01000001 00000000 00000000 00000000 00000000 000000
00000000 00010010 00000000 00000000 00000000 00000000 000000
00000000 00100000 10010000 00000000 00000000 00000000 000000
00000000 01001001 00000000 00000000 00000000 00000000 000000
00000000 00010010 01000000 00000000 00000000 00000000 000000
00000000 00000100 10000000 00000000 00000000 00000000 000000
00000000 01000001 00100100 00000000 00000000 00000000 000000
00000000 00000010 00000000 00000000 00000000 00000000 000000
00000000 00000100 10010010 00000000 00000000 00000000 000000
00000000 00001001 00100100 00000000 00000000 00000000 000000
00000000 00010010 00000001 00000000 00000000 00000000 000000
00000000 00100000 00000010 00000000 00000000 00000000 000000
00000000 00001000 00100000 00000000 00000000 00000000 000000
00000000 00000010 00001000 00000000 00000000 00000000 000000
00000000 00000000 10010010 00000000 00000000 00000000 000000
00000000 00001001 00100100 10000000 00000000 00000000 000000
00000000 00000000 01000000 00000000 00000000 00000000 000000
00000000 00000000 10000010 00000000 00000000 00000000 000000
00000000 00001001 00000100 10000000 00000000 00000000 000000
00000000 00000010 01001000 00000000 00000000 00000000 000000
00000000 00000100 00010010 01000000 00000000 00000000 000000
00000000 00000000 00100100 00000000 00000000 00000000 000000
00000000 00000000 01000001 00000000 00000000 00000000 000000
00000000 00000000 10000010 01000000 00000000 00000000 000000
00000000 00000001 00100000 10000000 00000000 00000000 000000
00000000 00000010 00001001 00000000 00000000 00000000 000000
00000000 00000000 10000010 01000000 00000000 00000000 000000
00000000 00000001 00000100 00000000 00000000 00000000 000000
00000000 00000010 00000000 00000000 00000000 00000000 000000