:cfg_write 49
:(1,14)(4,39)(6,15)(12,37)(34,33)(36,21)(42,31)(57,28)(61,1)(61,4)(61,37)(61,40)(61,43)(61,46)(61,49)(62,6)(62,9)(62,12)(62,15)(62,18)(62,21)(62,24)(63,26)(63,29)(63,32)(63,35)(63,38)(63,41)(64,1)(64,4)(64,7)(64,10)(64,43)(64,46)(64,49)(65,12)(65,15)(65,18)(65,21)(68,26)(68,28)(71,28)(76,24)(83,31)(87,22)(102,19)(103,35)(106,35)(113,37)
00000000 00000000 00000000 00000000 00000000 00000000 000000
00000000 00000010 00000000 00000000 00000000 00000000 000000
00000000 00000000 00000000 00000000 00000000 00000000 000000
00000000 00000000 00000000 00000000 00000000 00000000 000000
00000000 00000000 00000000 00000000 00000001 00000000 000000
00000000 00000000 00000000 00000000 00000000 00000000 000000
00000000 00000001 00000000 00000000 00000000 00000000 000000
00000000 00000000 00000000 00000000 00000000 00000000 000000
00000000 00000000 00000000 00000000 00000000 00000000 000000
00000000 00000000 00000000 00000000 00000000 00000000 000000
00000000 00000000 00000000 00000000 00000000 00000000 000000
00000000 00000000 00000000 00000000 00000000 00000000 000000
00000000 00000000 00000000 00000000 00000100 00000000 000000
00000000 00000000 00000000 00000000 00000000 00000000 000000
00000000 00000000 00000000 00000000 00000000 00000000 000000
00000000 00000000 00000000 00000000 00000000 00000000 000000
00000000 00000000 00000000 00000000 00000000 00000000 000000
00000000 00000000 00000000 00000000 00000000 00000000 000000
00000000 00000000 00000000 00000000 00000000 00000000 000000
00000000 00000000 00000000 00000000 00000000 00000000 000000
00000000 00000000 00000000 00000000 00000000 00000000 000000
00000000 00000000 00000000 00000000 00000000 00000000 000000
00000000 00000000 00000000 00000000 00000000 00000000 000000
00000000 00000000 00000000 00000000 00000000 00000000 000000
00000000 00000000 00000000 00000000 00000000 00000000 000000
00000000 00000000 00000000 00000000 00000000 00000000 000000
00000000 00000000 00000000 00000000 00000000 00000000 000000
00000000 00000000 00000000 00000000 00000000 00000000 000000
00000000 00000000 00000000 00000000 00000000 00000000 000000
00000000 00000000 00000000 00000000 00000000 00000000 000000
00000000 00000000 00000000 00000000 00000000 00000000 000000
00000000 00000000 00000000 00000000 00000000 00000000 000000
00000000 00000000 00000000 00000000 00000000 00000000 000000
00000000 00000000 00000000 00000000 00000000 00000000 000000
00000000 00000000 00000000 00000000 01000000 00000000 000000
00000000 00000000 00000000 00000000 00000000 00000000 000000
00000000 00000000 00000100 00000000 00000000 00000000 000000
00000000 00000000 00000000 00000000 00000000 00000000 000000
00000000 00000000 00000000 00000000 00000000 00000000 000000
00000000 00000000 00000000 00000000 00000000 00000000 000000
00000000 00000000 00000000 00000000 00000000 00000000 000000
00000000 00000000 00000000 00000000 00000000 00000000 000000
00000000 00000000 00000000 00000001 00000000 00000000 000000
00000000 00000000 00000000 00000000 00000000 00000000 000000
00000000 00000000 00000000 00000000 00000000 00000000 000000
00000000 00000000 00000000 00000000 00000000 00000000 000000
00000000 00000000 00000000 00000000 00000000 00000000 000000
00000000 00000000 00000000 00000000 00000000 00000000 000000
00000000 00000000 00000000 00000000 00000000 00000000 000000
00000000 00000000 00000000 00000000 00000000 00000000 000000
00000000 00000000 00000000 00000000 00000000 00000000 000000
00000000 00000000 00000000 00000000 00000000 00000000 000000
00000000 00000000 00000000 00000000 00000000 00000000 000000
00000000 00000000 00000000 00000000 00000000 00000000 000000
00000000 00000000 00000000 00000000 00000000 00000000 000000
00000000 00000000 00000000 00000000 00000000 00000000 000000
00000000 00000000 00000000 00000000 00000000 00000000 000000
00000000 00000000 00000000 00001000 00000000 00000000 000000
00000000 00000000 00000000 00000000 00000000 00000000 000000
00000000 00000000 00000000 00000000 00000000 00000000 000000
00000000 00000000 00000000 00000000 00000000 00000000 000000
01001000 00000000 00000000 00000000 00000100 10010010 010000
00000010 01001001 00100100 10000000 00000000 00000000 000000
00000000 00000000 00000000 00100100 10010010 01000000 000000
01001001 00100000 00000000 00000000 00000000 00010010 010000
00000000 00001001 00100100 00000000 00000000 00000000 000000
00000000 00000000 00000000 00000000 00000000 00000000 000000
00000000 00000000 00000000 00000000 00000000 00000000 000000
00000000 00000000 00000000 00101000 00000000 00000000 000000
00000000 00000000 00000000 00000000 00000000 00000000 000000
00000000 00000000 00000000 00000000 00000000 00000000 000000
00000000 00000000 00000000 00001000 00000000 00000000 000000
00000000 00000000 00000000 00000000 00000000 00000000 000000
00000000 00000000 00000000 00000000 00000000 00000000 000000
00000000 00000000 00000000 00000000 00000000 00000000 000000
00000000 00000000 00000000 00000000 00000000 00000000 000000
00000000 00000000 00000000 10000000 00000000 00000000 000000
00000000 00000000 00000000 00000000 00000000 00000000 000000
00000000 00000000 00000000 00000000 00000000 00000000 000000
00000000 00000000 00000000 00000000 00000000 00000000 000000
00000000 00000000 00000000 00000000 00000000 00000000 000000
00000000 00000000 00000000 00000000 00000000 00000000 000000
00000000 00000000 00000000 00000000 00000000 00000000 000000
00000000 00000000 00000000 00000001 00000000 00000000 000000
00000000 00000000 00000000 00000000 00000000 00000000 000000
00000000 00000000 00000000 00000000 00000000 00000000 000000
00000000 00000000 00000000 00000000 00000000 00000000 000000
00000000 00000000 00000010 00000000 00000000 00000000 000000
00000000 00000000 00000000 00000000 00000000 00000000 000000
00000000 00000000 00000000 00000000 00000000 00000000 000000
00000000 00000000 00000000 00000000 00000000 00000000 000000
00000000 00000000 00000000 00000000 00000000 00000000 000000
00000000 00000000 00000000 00000000 00000000 00000000 000000
00000000 00000000 00000000 00000000 00000000 00000000 000000
00000000 00000000 00000000 00000000 00000000 00000000 000000
00000000 00000000 00000000 00000000 00000000 00000000 000000
00000000 00000000 00000000 00000000 00000000 00000000 000000
00000000 00000000 00000000 00000000 00000000 00000000 000000
00000000 00000000 00000000 00000000 00000000 00000000 000000
00000000 00000000 00000000 00000000 00000000 00000000 000000
00000000 00000000 00000000 00000000 00000000 00000000 000000
00000000 00000000 00000000 00000000 00000000 00000000 000000
00000000 00000000 00010000 00000000 00000000 00000000 000000
00000000 00000000 00000000 00000000 00010000 00000000 000000
00000000 00000000 00000000 00000000 00000000 00000000 000000
00000000 00000000 00000000 00000000 00000000 00000000 000000
00000000 00000000 00000000 00000000 00010000 00000000 000000
00000000 00000000 00000000 00000000 00000000 00000000 000000
00000000 00000000 00000000 00000000 00000000 00000000 000000
00000000 00000000 00000000 00000000 00000000 00000000 000000
00000000 00000000 00000000 00000000 00000000 00000000 000000
00000000 00000000 00000000 00000000 00000000 00000000 000000
00000000 00000000 00000000 00000000 00000000 00000000 000000
00000000 00000000 00000000 00000000 00000100 00000000 000000
00000000 00000000 00000000 00000000 00000000 00000000 000000
00000000 00000000 00000000 00000000 00000000 00000000 000000
00000000 00000000 00000000 00000000 00000000 00000000 000000
00000000 00000000 00000000 00000000 00000000 00000000 000000
00000000 00000000 00000000 00000000 00000000 00000000 000000
00000000 00000000 00000000 00000000 00000000 00000000 000000
00000000 00000000 00000000 00000000 00000000 00000000 000000
00000000 00000000 00000000 00000000 00000000 00000000 000000
00000000 00000000 00000000 00000000 00000000 00000000 000000
00000000 00000000 00000000 00000000 00000000 00000000 000000
00000000 00000000 00000000 00000000 00000000 00000000 000000
00000000 00000000 00000000 00000000 00000000 00000000 000000
00000000 00000000 00000000 00000000 00000000 00000000 000000
00000000 00000000 00000000 00000000 00000000 00000000 000000