:cfg_write 27
:(1,14)(4,39)(6,15)(12,37)(34,33)(36,21)(42,31)(57,28)(62,18)(62,21)(62,24)(63,26)(63,29)(63,32)(63,35)(63,38)(63,41)(68,26)(68,28)(71,28)(76,24)(83,31)(87,22)(102,19)(103,35)(106,35)(113,37)
00000000 00000000 00000000 00000000 00000000 00000000 000000
00000000 00000010 00000000 00000000 00000000 00000000 000000
00000000 00000000 00000000 00000000 00000000 00000000 000000
00000000 00000000 00000000 00000000 00000000 00000000 000000
00000000 00000000 00000000 00000000 00000001 00000000 000000
00000000 00000000 00000000 00000000 00000000 00000000 000000
00000000 00000001 00000000 00000000 00000000 00000000 000000
00000000 00000000 00000000 00000000 00000000 00000000 000000
00000000 00000000 00000000 00000000 00000000 00000000 000000
00000000 00000000 00000000 00000000 00000000 00000000 000000
00000000 00000000 00000000 00000000 00000000 00000000 000000
00000000 00000000 00000000 00000000 00000000 00000000 000000
00000000 00000000 00000000 00000000 00000100 00000000 000000
00000000 00000000 00000000 00000000 00000000 00000000 000000
00000000 00000000 00000000 00000000 00000000 00000000 000000
00000000 00000000 00000000 00000000 00000000 00000000 000000
00000000 00000000 00000000 00000000 00000000 00000000 000000
00000000 00000000 00000000 00000000 00000000 00000000 000000
00000000 00000000 00000000 00000000 00000000 00000000 000000
00000000 00000000 00000000 00000000 00000000 00000000 000000
00000000 00000000 00000000 00000000 00000000 00000000 000000
00000000 00000000 00000000 00000000 00000000 00000000 000000
00000000 00000000 00000000 00000000 00000000 00000000 000000
00000000 00000000 00000000 00000000 00000000 00000000 000000
00000000 00000000 00000000 00000000 00000000 00000000 000000
00000000 00000000 00000000 00000000 00000000 00000000 000000
00000000 00000000 00000000 00000000 00000000 00000000 000000
00000000 00000000 00000000 00000000 00000000 00000000 000000
00000000 00000000 00000000 00000000 00000000 00000000 000000
00000000 00000000 00000000 00000000 00000000 00000000 000000
00000000 00000000 00000000 00000000 00000000 00000000 000000
00000000 00000000 00000000 00000000 00000000 00000000 000000
00000000 00000000 00000000 00000000 00000000 00000000 000000
00000000 00000000 00000000 00000000 00000000 00000000 000000
00000000 00000000 00000000 00000000 01000000 00000000 000000
00000000 00000000 00000000 00000000 00000000 00000000 000000
00000000 00000000 00000100 00000000 00000000 00000000 000000
00000000 00000000 00000000 00000000 00000000 00000000 000000
00000000 00000000 00000000 00000000 00000000 00000000 000000
00000000 00000000 00000000 00000000 00000000 00000000 000000
00000000 00000000 00000000 00000000 00000000 00000000 000000
00000000 00000000 00000000 00000000 00000000 00000000 000000
00000000 00000000 00000000 00000001 00000000 00000000 000000
00000000 00000000 00000000 00000000 00000000 00000000 000000
00000000 00000000 00000000 00000000 00000000 00000000 000000
00000000 00000000 00000000 00000000 00000000 00000000 000000
00000000 00000000 00000000 00000000 00000000 00000000 000000
00000000 00000000 00000000 00000000 00000000 00000000 000000
00000000 00000000 00000000 00000000 00000000 00000000 000000
00000000 00000000 00000000 00000000 00000000 00000000 000000
00000000 00000000 00000000 00000000 00000000 00000000 000000
00000000 00000000 00000000 00000000 00000000 00000000 000000
00000000 00000000 00000000 00000000 00000000 00000000 000000
00000000 00000000 00000000 00000000 00000000 00000000 000000
00000000 00000000 00000000 00000000 00000000 00000000 000000
00000000 00000000 00000000 00000000 00000000 00000000 000000
00000000 00000000 00000000 00000000 00000000 00000000 000000
00000000 00000000 00000000 00001000 00000000 00000000 000000
00000000 00000000 00000000 00000000 00000000 00000000 000000
00000000 00000000 00000000 00000000 00000000 00000000 000000
00000000 00000000 00000000 00000000 00000000 00000000 000000
00000000 00000000 00000000 00000000 00000000 00000000 000000
00000000 00000000 00100100 10000000 00000000 00000000 000000
00000000 00000000 00000000 00100100 10010010 01000000 000000
00000000 00000000 00000000 00000000 00000000 00000000 000000
00000000 00000000 00000000 00000000 00000000 00000000 000000
00000000 00000000 00000000 00000000 00000000 00000000 000000
00000000 00000000 00000000 00000000 00000000 00000000 000000
00000000 00000000 00000000 00101000 00000000 00000000 000000
00000000 00000000 00000000 00000000 00000000 00000000 000000
00000000 00000000 00000000 00000000 00000000 00000000 000000
00000000 00000000 00000000 00001000 00000000 00000000 000000
00000000 00000000 00000000 00000000 00000000 00000000 000000
00000000 00000000 00000000 00000000 00000000 00000000 000000
00000000 00000000 00000000 00000000 00000000 00000000 000000
00000000 00000000 00000000 00000000 00000000 00000000 000000
00000000 00000000 00000000 10000000 00000000 00000000 000000
00000000 00000000 00000000 00000000 00000000 00000000 000000
00000000 00000000 00000000 00000000 00000000 00000000 000000
00000000 00000000 00000000 00000000 00000000 00000000 000000
00000000 00000000 00000000 00000000 00000000 00000000 000000
00000000 00000000 00000000 00000000 00000000 00000000 000000
00000000 00000000 00000000 00000000 00000000 00000000 000000
00000000 00000000 00000000 00000001 00000000 00000000 000000
00000000 00000000 00000000 00000000 00000000 00000000 000000
00000000 00000000 00000000 00000000 00000000 00000000 000000
00000000 00000000 00000000 00000000 00000000 00000000 000000
00000000 00000000 00000010 00000000 00000000 00000000 000000
00000000 00000000 00000000 00000000 00000000 00000000 000000
00000000 00000000 00000000 00000000 00000000 00000000 000000
00000000 00000000 00000000 00000000 00000000 00000000 000000
00000000 00000000 00000000 00000000 00000000 00000000 000000
00000000 00000000 00000000 00000000 00000000 00000000 000000
00000000 00000000 00000000 00000000 00000000 00000000 000000
00000000 00000000 00000000 00000000 00000000 00000000 000000
00000000 00000000 00000000 00000000 00000000 00000000 000000
00000000 00000000 00000000 00000000 00000000 00000000 000000
00000000 00000000 00000000 00000000 00000000 00000000 000000
00000000 00000000 00000000 00000000 00000000 00000000 000000
00000000 00000000 00000000 00000000 00000000 00000000 000000
00000000 00000000 00000000 00000000 00000000 00000000 000000
00000000 00000000 00000000 00000000 00000000 00000000 000000
00000000 00000000 00010000 00000000 00000000 00000000 000000
00000000 00000000 00000000 00000000 00010000 00000000 000000
00000000 00000000 00000000 00000000 00000000 00000000 000000
00000000 00000000 00000000 00000000 00000000 00000000 000000
00000000 00000000 00000000 00000000 00010000 00000000 000000
00000000 00000000 00000000 00000000 00000000 00000000 000000
00000000 00000000 00000000 00000000 00000000 00000000 000000
00000000 00000000 00000000 00000000 00000000 00000000 000000
00000000 00000000 00000000 00000000 00000000 00000000 000000
00000000 00000000 00000000 00000000 00000000 00000000 000000
00000000 00000000 00000000 00000000 00000000 00000000 000000
00000000 00000000 00000000 00000000 00000100 00000000 000000
00000000 00000000 00000000 00000000 00000000 00000000 000000
00000000 00000000 00000000 00000000 00000000 00000000 000000
00000000 00000000 00000000 00000000 00000000 00000000 000000
00000000 00000000 00000000 00000000 00000000 00000000 000000
00000000 00000000 00000000 00000000 00000000 00000000 000000
00000000 00000000 00000000 00000000 00000000 00000000 000000
00000000 00000000 00000000 00000000 00000000 00000000 000000
00000000 00000000 00000000 00000000 00000000 00000000 000000
00000000 00000000 00000000 00000000 00000000 00000000 000000
00000000 00000000 00000000 00000000 00000000 00000000 000000
00000000 00000000 00000000 00000000 00000000 00000000 000000
00000000 00000000 00000000 00000000 00000000 00000000 000000
00000000 00000000 00000000 00000000 00000000 00000000 000000
00000000 00000000 00000000 00000000 00000000 00000000 000000