:cfg_write 213
:(1,14)(1,17)(1,20)(3,15)(3,24)(3,27)(4,20)(4,23)(6,24)(7,26)(8,19)(8,22)(8,28)(9,18)(9,24)(10,20)(11,16)(12,18)(12,24)(12,27)(13,17)(13,23)(14,25)(14,28)(15,27)(15,30)(16,23)(17,22)(17,25)(17,28)(18,24)(19,20)(19,26)(19,29)(20,19)(20,25)(21,27)(23,25)(23,28)(23,31)(24,21)(24,24)(24,30)(25,20)(25,23)(28,32)(29,22)(30,30)(31,23)(32,22)(32,25)(33,21)(33,30)(33,33)(34,26)(34,32)(35,22)(35,28)(35,31)(35,34)(36,30)(37,29)(37,32)(38,22)(38,25)(38,34)(39,24)(39,27)(39,33)(41,25)(41,28)(41,31)(42,24)(42,30)(43,23)(43,29)(43,35)(44,31)(45,24)(45,27)(45,33)(46,29)(46,35)(47,31)(48,24)(48,33)(49,26)(49,29)(49,35)(50,28)(50,31)(51,27)(51,33)(52,32)(52,35)(54,27)(54,33)(56,28)(56,34)(57,27)(57,30)(58,35)(58,38)(59,28)(60,27)(60,36)(62,28)(62,34)(63,33)(64,35)(64,38)(65,31)(65,34)(66,36)(66,39)(67,32)(67,38)(68,28)(68,31)(69,30)(69,33)(70,29)(70,32)(70,35)(71,31)(71,34)(72,33)(73,32)(73,35)(74,31)(74,34)(75,42)(76,35)(76,41)(77,37)(77,40)(78,42)(79,32)(79,35)(79,38)(79,41)(80,34)(81,33)(81,36)(81,42)(82,35)(82,41)(83,31)(83,34)(83,40)(83,43)(84,36)(84,39)(84,42)(85,38)(85,41)(86,34)(86,37)(86,40)(86,43)(87,33)(87,42)(88,41)(88,44)(89,43)(90,33)(90,36)(90,39)(90,45)(91,41)(91,44)(92,43)(93,45)(95,34)(95,43)(95,46)(96,45)(97,38)(97,41)(97,44)(98,43)(98,46)(99,42)(99,45)(100,38)(100,41)(100,44)(101,37)(101,40)(102,39)(103,35)(103,38)(103,41)(104,43)(105,39)(105,42)(105,45)(106,44)(107,40)(107,43)(108,42)(109,41)(110,37)(110,40)(111,42)(113,37)(113,43)(115,38)(115,41)(117,39)(118,41)(121,41)(124,41)
00000000 00000000 00000000 00000000 00000000 00000000 000000
00000000 00000010 01001000 00000000 00000000 00000000 000000
00000000 00000000 00000000 00000000 00000000 00000000 000000
00000000 00000001 00000000 10010000 00000000 00000000 000000
00000000 00000000 00001001 00000000 00000000 00000000 000000
00000000 00000000 00000000 00000000 00000000 00000000 000000
00000000 00000000 00000000 10000000 00000000 00000000 000000
00000000 00000000 00000000 00100000 00000000 00000000 000000
00000000 00000000 00010010 00001000 00000000 00000000 000000
00000000 00000000 00100000 10000000 00000000 00000000 000000
00000000 00000000 00001000 00000000 00000000 00000000 000000
00000000 00000000 10000000 00000000 00000000 00000000 000000
00000000 00000000 00100000 10010000 00000000 00000000 000000
00000000 00000000 01000001 00000000 00000000 00000000 000000
00000000 00000000 00000000 01001000 00000000 00000000 000000
00000000 00000000 00000000 00010010 00000000 00000000 000000
00000000 00000000 00000001 00000000 00000000 00000000 000000
00000000 00000000 00000010 01001000 00000000 00000000 000000
00000000 00000000 00000000 10000000 00000000 00000000 000000
00000000 00000000 00001000 00100100 00000000 00000000 000000
00000000 00000000 00010000 01000000 00000000 00000000 000000
00000000 00000000 00000000 00010000 00000000 00000000 000000
00000000 00000000 00000000 00000000 00000000 00000000 000000
00000000 00000000 00000000 01001001 00000000 00000000 000000
00000000 00000000 00000100 10000010 00000000 00000000 000000
00000000 00000000 00001001 00000000 00000000 00000000 000000
00000000 00000000 00000000 00000000 00000000 00000000 000000
00000000 00000000 00000000 00000000 00000000 00000000 000000
00000000 00000000 00000000 00000000 10000000 00000000 000000
00000000 00000000 00000010 00000000 00000000 00000000 000000
00000000 00000000 00000000 00000010 00000000 00000000 000000
00000000 00000000 00000001 00000000 00000000 00000000 000000
00000000 00000000 00000010 01000000 00000000 00000000 000000
00000000 00000000 00000100 00000010 01000000 00000000 000000
00000000 00000000 00000000 00100000 10000000 00000000 000000
00000000 00000000 00000010 00001001 00100000 00000000 000000
00000000 00000000 00000000 00000010 00000000 00000000 000000
00000000 00000000 00000000 00000100 10000000 00000000 000000
00000000 00000000 00000010 01000000 00100000 00000000 000000
00000000 00000000 00000000 10010000 01000000 00000000 000000
00000000 00000000 00000000 00000000 00000000 00000000 000000
00000000 00000000 00000000 01001001 00000000 00000000 000000
00000000 00000000 00000000 10000010 00000000 00000000 000000
00000000 00000000 00000001 00000100 00010000 00000000 000000
00000000 00000000 00000000 00000001 00000000 00000000 000000
00000000 00000000 00000000 10010000 01000000 00000000 000000
00000000 00000000 00000000 00000100 00010000 00000000 000000
00000000 00000000 00000000 00000001 00000000 00000000 000000
00000000 00000000 00000000 10000000 01000000 00000000 000000
00000000 00000000 00000000 00100100 00010000 00000000 000000
00000000 00000000 00000000 00001001 00000000 00000000 000000
00000000 00000000 00000000 00010000 01000000 00000000 000000
00000000 00000000 00000000 00000000 10010000 00000000 000000
00000000 00000000 00000000 00000000 00000000 00000000 000000
00000000 00000000 00000000 00010000 01000000 00000000 000000
00000000 00000000 00000000 00000000 00000000 00000000 000000
00000000 00000000 00000000 00001000 00100000 00000000 000000
00000000 00000000 00000000 00010010 00000000 00000000 000000
00000000 00000000 00000000 00000000 00010010 00000000 000000
00000000 00000000 00000000 00001000 00000000 00000000 000000
00000000 00000000 00000000 00010000 00001000 00000000 000000
00000000 00000000 00000000 00000000 00000000 00000000 000000
00000000 00000000 00000000 00001000 00100000 00000000 000000
00000000 00000000 00000000 00000000 01000000 00000000 000000
00000000 00000000 00000000 00000000 00010010 00000000 000000
00000000 00000000 00000000 00000001 00100000 00000000 000000
00000000 00000000 00000000 00000000 00001001 00000000 000000
00000000 00000000 00000000 00000000 10000010 00000000 000000
00000000 00000000 00000000 00001001 00000000 00000000 000000
00000000 00000000 00000000 00000010 01000000 00000000 000000
00000000 00000000 00000000 00000100 10010000 00000000 000000
00000000 00000000 00000000 00000001 00100000 00000000 000000
00000000 00000000 00000000 00000000 01000000 00000000 000000
00000000 00000000 00000000 00000000 10010000 00000000 000000
00000000 00000000 00000000 00000001 00100000 00000000 000000
00000000 00000000 00000000 00000000 00000000 00100000 000000
00000000 00000000 00000000 00000000 00010000 01000000 000000
00000000 00000000 00000000 00000000 00000100 10000000 000000
00000000 00000000 00000000 00000000 00000000 00100000 000000
00000000 00000000 00000000 00000000 10010010 01000000 000000
00000000 00000000 00000000 00000000 00100000 00000000 000000
00000000 00000000 00000000 00000000 01001000 00100000 000000
00000000 00000000 00000000 00000000 00010000 01000000 000000
00000000 00000000 00000000 00000001 00100000 10010000 000000
00000000 00000000 00000000 00000000 00001001 00100000 000000
00000000 00000000 00000000 00000000 00000010 01000000 000000
00000000 00000000 00000000 00000000 00100100 10010000 000000
00000000 00000000 00000000 00000000 01000000 00100000 000000
00000000 00000000 00000000 00000000 00000000 01001000 000000
00000000 00000000 00000000 00000000 00000000 00010000 000000
00000000 00000000 00000000 00000000 01001001 00000100 000000
00000000 00000000 00000000 00000000 00000000 01001000 000000
00000000 00000000 00000000 00000000 00000000 00010000 000000
00000000 00000000 00000000 00000000 00000000 00000100 000000
00000000 00000000 00000000 00000000 00000000 00000000 000000
00000000 00000000 00000000 00000000 00100000 00010010 000000
00000000 00000000 00000000 00000000 00000000 00000100 000000
00000000 00000000 00000000 00000000 00000010 01001000 000000
00000000 00000000 00000000 00000000 00000000 00010010 000000
00000000 00000000 00000000 00000000 00000000 00100100 000000
00000000 00000000 00000000 00000000 00000010 01001000 000000
00000000 00000000 00000000 00000000 00000100 10000000 000000
00000000 00000000 00000000 00000000 00000001 00000000 000000
00000000 00000000 00000000 00000000 00010010 01000000 000000
00000000 00000000 00000000 00000000 00000000 00010000 000000
00000000 00000000 00000000 00000000 00000001 00100100 000000
00000000 00000000 00000000 00000000 00000000 00001000 000000
00000000 00000000 00000000 00000000 00000000 10010000 000000
00000000 00000000 00000000 00000000 00000000 00100000 000000
00000000 00000000 00000000 00000000 00000000 01000000 000000
00000000 00000000 00000000 00000000 00000100 10000000 000000
00000000 00000000 00000000 00000000 00000000 00100000 000000
00000000 00000000 00000000 00000000 00000000 00000000 000000
00000000 00000000 00000000 00000000 00000100 00010000 000000
00000000 00000000 00000000 00000000 00000000 00000000 000000
00000000 00000000 00000000 00000000 00000010 01000000 000000
00000000 00000000 00000000 00000000 00000000 00000000 000000
00000000 00000000 00000000 00000000 00000001 00000000 000000
00000000 00000000 00000000 00000000 00000000 01000000 000000
00000000 00000000 00000000 00000000 00000000 00000000 000000
00000000 00000000 00000000 00000000 00000000 00000000 000000
00000000 00000000 00000000 00000000 00000000 01000000 000000
00000000 00000000 00000000 00000000 00000000 00000000 000000
00000000 00000000 00000000 00000000 00000000 00000000 000000
00000000 00000000 00000000 00000000 00000000 01000000 000000
00000000 00000000 00000000 00000000 00000000 00000000 000000
00000000 00000000 00000000 00000000 00000000 00000000 000000
00000000 00000000 00000000 00000000 00000000 00000000 000000