:cfg_write 213
:(2,28)(2,31)(2,34)(2,40)(3,33)(3,36)(3,39)(4,29)(4,32)(4,38)(5,28)(5,31)(5,37)(5,40)(6,30)(6,36)(6,39)(7,32)(7,35)(7,38)(7,41)(8,37)(8,40)(9,36)(10,32)(10,35)(10,41)(11,31)(11,37)(11,40)(12,30)(12,33)(12,39)(12,42)(13,32)(13,35)(13,41)(14,31)(14,37)(14,40)(15,39)(15,42)(16,32)(17,31)(17,34)(18,36)(18,39)(18,42)(19,32)(20,31)(20,37)(20,40)(20,43)(21,36)(21,42)(22,32)(22,41)(23,34)(23,37)(23,40)(23,43)(24,36)(24,39)(24,42)(24,45)(25,35)(25,38)(26,34)(26,37)(26,40)(26,43)(27,36)(27,42)(28,41)(28,44)(29,40)(29,43)(30,33)(30,36)(30,39)(30,42)(30,45)(31,38)(31,41)(31,44)(32,37)(32,43)(32,46)(33,36)(33,45)(34,35)(34,38)(34,44)(34,47)(35,37)(35,40)(35,43)(35,46)(36,42)(36,45)(37,41)(37,47)(38,40)(39,36)(39,39)(39,45)(40,41)(41,37)(41,43)(41,46)(42,36)(42,42)(42,45)(42,48)(43,47)(44,40)(44,43)(45,39)(45,45)(45,48)(46,41)(47,37)(47,40)(47,46)(47,49)(48,39)(49,38)(49,41)(49,50)(50,40)(50,43)(50,46)(50,49)(51,39)(51,42)(51,45)(52,41)(52,44)(52,47)(53,40)(53,43)(53,46)(53,49)(54,39)(54,42)(54,45)(55,50)(56,40)(56,43)(56,46)(56,49)(57,39)(57,45)(58,47)(59,40)(59,46)(59,49)(59,52)(60,39)(60,45)(60,48)(60,51)(61,41)(61,44)(61,47)(61,50)(62,40)(62,49)(62,52)(63,42)(63,45)(63,48)(64,41)(64,47)(64,50)(64,53)(65,52)(66,42)(67,47)(67,50)(68,46)(68,49)(68,52)(69,48)(70,47)(70,50)(71,43)(71,46)(71,49)(71,52)(72,45)(72,48)(73,44)(73,47)(74,46)(75,45)(75,48)(75,51)(76,47)(76,50)(77,43)(77,46)(77,49)(78,45)(78,48)(79,50)(80,46)(80,49)(82,47)(85,47)(89,46)(90,48)(92,46)
00000000 00000000 00000000 00000000 00000000 00000000 000000
00000000 00000000 00000000 00000000 00000000 00000000 000000
00000000 00000000 00000000 00001001 00100000 10000000 000000
00000000 00000000 00000000 00000000 01001001 00000000 000000
00000000 00000000 00000000 00000100 10000010 00000000 000000
00000000 00000000 00000000 00001001 00000100 10000000 000000
00000000 00000000 00000000 00000010 00001001 00000000 000000
00000000 00000000 00000000 00000000 10010010 01000000 000000
00000000 00000000 00000000 00000000 00000100 10000000 000000
00000000 00000000 00000000 00000000 00001000 00000000 000000
00000000 00000000 00000000 00000000 10010000 01000000 000000
00000000 00000000 00000000 00000001 00000100 10000000 000000
00000000 00000000 00000000 00000010 01000001 00100000 000000
00000000 00000000 00000000 00000000 10010000 01000000 000000
00000000 00000000 00000000 00000001 00000100 10000000 000000
00000000 00000000 00000000 00000000 00000001 00100000 000000
00000000 00000000 00000000 00000000 10000000 00000000 000000
00000000 00000000 00000000 00000001 00100000 00000000 000000
00000000 00000000 00000000 00000000 00001001 00100000 000000
00000000 00000000 00000000 00000000 10000000 00000000 000000
00000000 00000000 00000000 00000001 00000100 10010000 000000
00000000 00000000 00000000 00000000 00001000 00100000 000000
00000000 00000000 00000000 00000000 10000000 01000000 000000
00000000 00000000 00000000 00000000 00100100 10010000 000000
00000000 00000000 00000000 00000000 00001001 00100100 000000
00000000 00000000 00000000 00000000 00010010 00000000 000000
00000000 00000000 00000000 00000000 00100100 10010000 000000
00000000 00000000 00000000 00000000 00001000 00100000 000000
00000000 00000000 00000000 00000000 00000000 01001000 000000
00000000 00000000 00000000 00000000 00000000 10010000 000000
00000000 00000000 00000000 00000000 01001001 00100100 000000
00000000 00000000 00000000 00000000 00000010 01001000 000000
00000000 00000000 00000000 00000000 00000100 00010010 000000
00000000 00000000 00000000 00000000 00001000 00000100 000000
00000000 00000000 00000000 00000000 00010010 00001001 000000
00000000 00000000 00000000 00000000 00000100 10010010 000000
00000000 00000000 00000000 00000000 00000000 00100100 000000
00000000 00000000 00000000 00000000 00000000 01000001 000000
00000000 00000000 00000000 00000000 00000000 10000000 000000
00000000 00000000 00000000 00000000 00001001 00000100 000000
00000000 00000000 00000000 00000000 00000000 01000000 000000
00000000 00000000 00000000 00000000 00000100 00010010 000000
00000000 00000000 00000000 00000000 00001000 00100100 100000
00000000 00000000 00000000 00000000 00000000 00000001 000000
00000000 00000000 00000000 00000000 00000000 10010000 000000
00000000 00000000 00000000 00000000 00000001 00000100 100000
00000000 00000000 00000000 00000000 00000000 01000000 000000
00000000 00000000 00000000 00000000 00000100 10000010 010000
00000000 00000000 00000000 00000000 00000001 00000000 000000
00000000 00000000 00000000 00000000 00000010 01000000 001000
00000000 00000000 00000000 00000000 00000000 10010010 010000
00000000 00000000 00000000 00000000 00000001 00100100 000000
00000000 00000000 00000000 00000000 00000000 01001001 000000
00000000 00000000 00000000 00000000 00000000 10010010 010000
00000000 00000000 00000000 00000000 00000001 00100100 000000
00000000 00000000 00000000 00000000 00000000 00000000 001000
00000000 00000000 00000000 00000000 00000000 10010010 010000
00000000 00000000 00000000 00000000 00000001 00000100 000000
00000000 00000000 00000000 00000000 00000000 00000001 000000
00000000 00000000 00000000 00000000 00000000 10000010 010010
00000000 00000000 00000000 00000000 00000001 00000100 100100
00000000 00000000 00000000 00000000 00000000 01001001 001000
00000000 00000000 00000000 00000000 00000000 10000000 010010
00000000 00000000 00000000 00000000 00000000 00100100 100000
00000000 00000000 00000000 00000000 00000000 01000001 001001
00000000 00000000 00000000 00000000 00000000 00000000 000010
00000000 00000000 00000000 00000000 00000000 00100000 000000
00000000 00000000 00000000 00000000 00000000 00000001 001000
00000000 00000000 00000000 00000000 00000000 00000010 010010
00000000 00000000 00000000 00000000 00000000 00000000 100000
00000000 00000000 00000000 00000000 00000000 00000001 001000
00000000 00000000 00000000 00000000 00000000 00010010 010010
00000000 00000000 00000000 00000000 00000000 00000100 100000
00000000 00000000 00000000 00000000 00000000 00001001 000000
00000000 00000000 00000000 00000000 00000000 00000010 000000
00000000 00000000 00000000 00000000 00000000 00000100 100100
00000000 00000000 00000000 00000000 00000000 00000001 001000
00000000 00000000 00000000 00000000 00000000 00010010 010000
00000000 00000000 00000000 00000000 00000000 00000100 100000
00000000 00000000 00000000 00000000 00000000 00000000 001000
00000000 00000000 00000000 00000000 00000000 00000010 010000
00000000 00000000 00000000 00000000 00000000 00000000 000000
00000000 00000000 00000000 00000000 00000000 00000001 000000
00000000 00000000 00000000 00000000 00000000 00000000 000000
00000000 00000000 00000000 00000000 00000000 00000000 000000
00000000 00000000 00000000 00000000 00000000 00000001 000000
00000000 00000000 00000000 00000000 00000000 00000000 000000
00000000 00000000 00000000 00000000 00000000 00000000 000000
00000000 00000000 00000000 00000000 00000000 00000000 000000
00000000 00000000 00000000 00000000 00000000 00000010 000000
00000000 00000000 00000000 00000000 00000000 00000000 100000
00000000 00000000 00000000 00000000 00000000 00000000 000000
00000000 00000000 00000000 00000000 00000000 00000010 000000
00000000 00000000 00000000 00000000 00000000 00000000 000000
00000000 00000000 00000000 00000000 00000000 00000000 000000
00000000 00000000 00000000 00000000 00000000 00000000 000000
00000000 00000000 00000000 00000000 00000000 00000000 000000
00000000 00000000 00000000 00000000 00000000 00000000 000000
00000000 00000000 00000000 00000000 00000000 00000000 000000
00000000 00000000 00000000 00000000 00000000 00000000 000000
00000000 00000000 00000000 00000000 00000000 00000000 000000
00000000 00000000 00000000 00000000 00000000 00000000 000000
00000000 00000000 00000000 00000000 00000000 00000000 000000
00000000 00000000 00000000 00000000 00000000 00000000 000000
00000000 00000000 00000000 00000000 00000000 00000000 000000
00000000 00000000 00000000 00000000 00000000 00000000 000000
00000000 00000000 00000000 00000000 00000000 00000000 000000
00000000 00000000 00000000 00000000 00000000 00000000 000000
00000000 00000000 00000000 00000000 00000000 00000000 000000
00000000 00000000 00000000 00000000 00000000 00000000 000000
00000000 00000000 00000000 00000000 00000000 00000000 000000
00000000 00000000 00000000 00000000 00000000 00000000 000000
00000000 00000000 00000000 00000000 00000000 00000000 000000
00000000 00000000 00000000 00000000 00000000 00000000 000000
00000000 00000000 00000000 00000000 00000000 00000000 000000
00000000 00000000 00000000 00000000 00000000 00000000 000000
00000000 00000000 00000000 00000000 00000000 00000000 000000
00000000 00000000 00000000 00000000 00000000 00000000 000000
00000000 00000000 00000000 00000000 00000000 00000000 000000
00000000 00000000 00000000 00000000 00000000 00000000 000000
00000000 00000000 00000000 00000000 00000000 00000000 000000
00000000 00000000 00000000 00000000 00000000 00000000 000000
00000000 00000000 00000000 00000000 00000000 00000000 000000
00000000 00000000 00000000 00000000 00000000 00000000 000000
00000000 00000000 00000000 00000000 00000000 00000000 000000
00000000 00000000 00000000 00000000 00000000 00000000 000000
00000000 00000000 00000000 00000000 00000000 00000000 000000
00000000 00000000 00000000 00000000 00000000 00000000 000000