:cfg_write 213
:(95,39)(96,2)(96,5)(96,41)(96,44)(96,47)(96,50)(97,7)(97,10)(97,13)(97,16)(97,19)(97,22)(97,25)(98,27)(98,30)(98,33)(98,36)(98,39)(98,42)(98,45)(99,2)(99,5)(99,8)(99,11)(99,47)(99,50)(100,13)(100,16)(100,19)(100,22)(100,25)(100,28)(100,31)(101,33)(101,36)(101,39)(101,42)(101,45)(101,48)(101,51)(102,2)(102,5)(102,8)(102,11)(102,14)(102,17)(103,19)(103,22)(103,25)(103,28)(103,31)(103,34)(103,37)(104,3)(104,6)(104,39)(104,42)(104,45)(104,48)(104,51)(105,8)(105,11)(105,14)(105,17)(105,20)(105,23)(106,25)(106,28)(106,31)(106,34)(106,37)(106,40)(106,43)(107,3)(107,6)(107,9)(107,12)(107,45)(107,48)(107,51)(108,14)(108,17)(108,20)(108,23)(108,26)(108,29)(109,31)(109,34)(109,37)(109,40)(109,43)(109,46)(109,49)(110,3)(110,6)(110,9)(110,12)(110,15)(110,18)(110,51)(111,20)(111,23)(111,26)(111,29)(111,32)(111,35)(112,1)(112,4)(112,37)(112,40)(112,43)(112,46)(112,49)(113,6)(113,9)(113,12)(113,15)(113,18)(113,21)(113,24)(114,26)(114,29)(114,32)(114,35)(114,38)(114,41)(115,1)(115,4)(115,7)(115,10)(115,43)(115,46)(115,49)(116,12)(116,15)(116,18)(116,21)(116,24)(116,27)(116,30)(117,32)(117,35)(117,38)(117,41)(117,44)(117,47)(118,1)(118,4)(118,7)(118,10)(118,13)(118,16)(118,49)(119,18)(119,21)(119,24)(119,27)(119,30)(119,33)(119,36)(120,2)(120,38)(120,41)(120,44)(120,47)(120,50)(121,4)(121,7)(121,10)(121,13)(121,16)(121,19)(121,22)(122,24)(122,27)(122,30)(122,33)(122,36)(122,39)(122,42)(123,2)(123,5)(123,8)(123,44)(123,47)(123,50)(124,10)(124,13)(124,16)(124,19)(124,22)(124,25)(124,28)(125,30)(125,33)(125,36)(125,39)(125,42)(125,45)(125,48)(126,2)(126,5)(126,8)(126,11)(126,14)(126,50)(127,16)(127,19)(127,22)(127,25)(127,28)(127,31)
00000000 00000000 00000000 00000000 00000000 00000000 000000
00000000 00000000 00000000 00000000 00000000 00000000 000000
00000000 00000000 00000000 00000000 00000000 00000000 000000
00000000 00000000 00000000 00000000 00000000 00000000 000000
00000000 00000000 00000000 00000000 00000000 00000000 000000
00000000 00000000 00000000 00000000 00000000 00000000 000000
00000000 00000000 00000000 00000000 00000000 00000000 000000
00000000 00000000 00000000 00000000 00000000 00000000 000000
00000000 00000000 00000000 00000000 00000000 00000000 000000
00000000 00000000 00000000 00000000 00000000 00000000 000000
00000000 00000000 00000000 00000000 00000000 00000000 000000
00000000 00000000 00000000 00000000 00000000 00000000 000000
00000000 00000000 00000000 00000000 00000000 00000000 000000
00000000 00000000 00000000 00000000 00000000 00000000 000000
00000000 00000000 00000000 00000000 00000000 00000000 000000
00000000 00000000 00000000 00000000 00000000 00000000 000000
00000000 00000000 00000000 00000000 00000000 00000000 000000
00000000 00000000 00000000 00000000 00000000 00000000 000000
00000000 00000000 00000000 00000000 00000000 00000000 000000
00000000 00000000 00000000 00000000 00000000 00000000 000000
00000000 00000000 00000000 00000000 00000000 00000000 000000
00000000 00000000 00000000 00000000 00000000 00000000 000000
00000000 00000000 00000000 00000000 00000000 00000000 000000
00000000 00000000 00000000 00000000 00000000 00000000 000000
00000000 00000000 00000000 00000000 00000000 00000000 000000
00000000 00000000 00000000 00000000 00000000 00000000 000000
00000000 00000000 00000000 00000000 00000000 00000000 000000
00000000 00000000 00000000 00000000 00000000 00000000 000000
00000000 00000000 00000000 00000000 00000000 00000000 000000
00000000 00000000 00000000 00000000 00000000 00000000 000000
00000000 00000000 00000000 00000000 00000000 00000000 000000
00000000 00000000 00000000 00000000 00000000 00000000 000000
00000000 00000000 00000000 00000000 00000000 00000000 000000
00000000 00000000 00000000 00000000 00000000 00000000 000000
00000000 00000000 00000000 00000000 00000000 00000000 000000
00000000 00000000 00000000 00000000 00000000 00000000 000000
00000000 00000000 00000000 00000000 00000000 00000000 000000
00000000 00000000 00000000 00000000 00000000 00000000 000000
00000000 00000000 00000000 00000000 00000000 00000000 000000
00000000 00000000 00000000 00000000 00000000 00000000 000000
00000000 00000000 00000000 00000000 00000000 00000000 000000
00000000 00000000 00000000 00000000 00000000 00000000 000000
00000000 00000000 00000000 00000000 00000000 00000000 000000
00000000 00000000 00000000 00000000 00000000 00000000 000000
00000000 00000000 00000000 00000000 00000000 00000000 000000
00000000 00000000 00000000 00000000 00000000 00000000 000000
00000000 00000000 00000000 00000000 00000000 00000000 000000
00000000 00000000 00000000 00000000 00000000 00000000 000000
00000000 00000000 00000000 00000000 00000000 00000000 000000
00000000 00000000 00000000 00000000 00000000 00000000 000000
00000000 00000000 00000000 00000000 00000000 00000000 000000
00000000 00000000 00000000 00000000 00000000 00000000 000000
00000000 00000000 00000000 00000000 00000000 00000000 000000
00000000 00000000 00000000 00000000 00000000 00000000 000000
00000000 00000000 00000000 00000000 00000000 00000000 000000
00000000 00000000 00000000 00000000 00000000 00000000 000000
00000000 00000000 00000000 00000000 00000000 00000000 000000
00000000 00000000 00000000 00000000 00000000 00000000 000000
00000000 00000000 00000000 00000000 00000000 00000000 000000
00000000 00000000 00000000 00000000 00000000 00000000 000000
00000000 00000000 00000000 00000000 00000000 00000000 000000
00000000 00000000 00000000 00000000 00000000 00000000 000000
00000000 00000000 00000000 00000000 00000000 00000000 000000
00000000 00000000 00000000 00000000 00000000 00000000 000000
00000000 00000000 00000000 00000000 00000000 00000000 000000
00000000 00000000 00000000 00000000 00000000 00000000 000000
00000000 00000000 00000000 00000000 00000000 00000000 000000
00000000 00000000 00000000 00000000 00000000 00000000 000000
00000000 00000000 00000000 00000000 00000000 00000000 000000
00000000 00000000 00000000 00000000 00000000 00000000 000000
00000000 00000000 00000000 00000000 00000000 00000000 000000
00000000 00000000 00000000 00000000 00000000 00000000 000000
00000000 00000000 00000000 00000000 00000000 00000000 000000
00000000 00000000 00000000 00000000 00000000 00000000 000000
00000000 00000000 00000000 00000000 00000000 00000000 000000
00000000 00000000 00000000 00000000 00000000 00000000 000000
00000000 00000000 00000000 00000000 00000000 00000000 000000
00000000 00000000 00000000 00000000 00000000 00000000 000000
00000000 00000000 00000000 00000000 00000000 00000000 000000
00000000 00000000 00000000 00000000 00000000 00000000 000000
00000000 00000000 00000000 00000000 00000000 00000000 000000
00000000 00000000 00000000 00000000 00000000 00000000 000000
00000000 00000000 00000000 00000000 00000000 00000000 000000
00000000 00000000 00000000 00000000 00000000 00000000 000000
00000000 00000000 00000000 00000000 00000000 00000000 000000
00000000 00000000 00000000 00000000 00000000 00000000 000000
00000000 00000000 00000000 00000000 00000000 00000000 000000
00000000 00000000 00000000 00000000 00000000 00000000 000000
00000000 00000000 00000000 00000000 00000000 00000000 000000
00000000 00000000 00000000 00000000 00000000 00000000 000000
00000000 00000000 00000000 00000000 00000000 00000000 000000
00000000 00000000 00000000 00000000 00000000 00000000 000000
00000000 00000000 00000000 00000000 00000000 00000000 000000
00000000 00000000 00000000 00000000 00000000 00000000 000000
00000000 00000000 00000000 00000000 00000000 00000000 000000
00000000 00000000 00000000 00000000 00000001 00000000 000000
00100100 00000000 00000000 00000000 00000000 01001001 001000
00000001 00100100 10010010 01000000 00000000 00000000 000000
00000000 00000000 00000000 00010010 01001001 00100100 000000
00100100 10010000 00000000 00000000 00000000 00000001 001000
00000000 00000100 10010010 01001001 00000000 00000000 000000
00000000 00000000 00000000 00000000 01001001 00100100 100100
00100100 10010010 01000000 00000000 00000000 00000000 000000
00000000 00000000 00010010 01001001 00100100 00000000 000000
00010010 00000000 00000000 00000000 00000001 00100100 100100
00000000 10010010 01001001 00000000 00000000 00000000 000000
00000000 00000000 00000000 01001001 00100100 10010000 000000
00010010 01001000 00000000 00000000 00000000 00000100 100100
00000000 00000010 01001001 00100100 00000000 00000000 000000
00000000 00000000 00000000 00000001 00100100 10010010 010000
00010010 01001001 00100000 00000000 00000000 00000000 000100
00000000 00000000 00001001 00100100 10010000 00000000 000000
01001000 00000000 00000000 00000000 00000100 10010010 010000
00000010 01001001 00100100 10000000 00000000 00000000 000000
00000000 00000000 00000000 00100100 10010010 01000000 000000
01001001 00100000 00000000 00000000 00000000 00010010 010000
00000000 00001001 00100100 10010010 00000000 00000000 000000
00000000 00000000 00000000 00000000 10010010 01001001 000000
01001001 00100100 10000000 00000000 00000000 00000000 010000
00000000 00000000 00100100 10010010 01001000 00000000 000000
00100000 00000000 00000000 00000000 00000010 01001001 001000
00001001 00100100 10010010 00000000 00000000 00000000 000000
00000000 00000000 00000000 10010010 01001001 00100000 000000
00100100 10000000 00000000 00000000 00000000 00001001 001000
00000000 00100100 10010010 01001000 00000000 00000000 000000
00000000 00000000 00000000 00000010 01001001 00100100 100000
00100100 10010010 00000000 00000000 00000000 00000000 001000
00000000 00000000 10010010 01001001 00000000 00000000 000000