:  Test Pattern Example
: cluster of 3 by 3 r:3 to 5 C: 0 to 2
00000000 00000000 00000000 00000000 00000000 00000000 000000
00000000 00000000 00000000 00000000 00000000 00000000 000000
00000000 00000000 00000000 00000000 00000000 00000000 000000
11100000 00000000 00000000 00000000 00000000 00000000 000000
11100000 00000000 00000000 00000000 00000000 00000000 000000
11100000 00000000 00000000 00000000 00000000 00000000 000000
00000000 00000000 00000000 00000000 00000000 00000000 000000
00000000 00000000 00000000 00000000 00000000 00000000 000000
00000000 00000000 00000000 00000000 00000000 00000000 000000
00000000 00000000 00000000 00000000 00000000 00000000 000000
00000000 00000000 00000000 00000000 00000000 00000000 000000
00000000 00000000 00000000 00000000 00000000 00000000 000000
00000000 00000000 00000000 00000000 00000000 00000000 000000
00000000 00000000 00000000 00000000 00000000 00000000 000000
00000000 00000000 00000000 00000000 00000000 00000000 000000
00000000 00000000 00000000 00000000 00000000 00000000 000000
00000000 00000000 00000000 00000000 00000000 00000000 000000
00000000 00000000 00000000 00000000 00000000 00000000 000000
00000000 00000000 00000000 00000000 00000000 00000000 000000
00000000 00000000 00000000 00000000 00000000 00000000 000000
00000000 00000000 00000000 00000000 00000000 00000000 000000
00000000 00000000 00000000 00000000 00000000 00000000 000000
00000000 00000000 00000000 00000000 00000000 00000000 000000
00000000 00000000 00000000 00000000 00000000 00000000 000000
00000000 00000000 00000000 00000000 00000000 00000000 000000
00000000 00000000 00000000 00000000 00000000 00000000 000000
00000000 00000000 00000000 00000000 00000000 00000000 000000
00000000 00000000 00000000 00000000 00000000 00000000 000000
00000000 00000000 00000000 00000000 00000000 00000000 000000
00000000 00000000 00000000 00000000 00000000 00000000 000000
00000000 00000000 00000000 00000000 00000000 00000000 000000
00000000 00000000 00000000 00000000 00000000 00000000 000000
00000000 00000000 00000000 00000000 00000000 00000000 000000
00000000 00000000 00000000 00000000 00000000 00000000 000000
00000000 00000000 00000000 00000000 00000000 00000000 000000
00000000 00000000 00000000 00000000 00000000 00000000 000000
00000000 00000000 00000000 00000000 00000000 00000000 000000
00000000 00000000 00000000 00000000 00000000 00000000 000000
00000000 00000000 00000000 00000000 00000000 00000000 000000
00000000 00000000 00000000 00000000 00000000 00000000 000000
00000000 00000000 00000000 00000000 00000000 00000000 000000
00000000 00000000 00000000 00000000 00000000 00000000 000000
00000000 00000000 00000000 00000000 00000000 00000000 000000
00000000 00000000 00000000 00000000 00000000 00000000 000000
00000000 00000000 00000000 00000000 00000000 00000000 000000
00000000 00000000 00000000 00000000 00000000 00000000 000000
00000000 00000000 00000000 00000000 00000000 00000000 000000
00000000 00000000 00000000 00000000 00000000 00000000 000000
00000000 00000000 00000000 00000000 00000000 00000000 000000
00000000 00000000 00000000 00000000 00000000 00000000 000000
00000000 00000000 00000000 00000000 00000000 00000000 000000
00000000 00000000 00000000 00000000 00000000 00000000 000000
00000000 00000000 00000000 00000000 00000000 00000000 000000
00000000 00000000 00000000 00000000 00000000 00000000 000000
00000000 00000000 00000000 00000000 00000000 00000000 000000
00000000 00000000 00000000 00000000 00000000 00000000 000000
00000000 00000000 00000000 00000000 00000000 00000000 000000
00000000 00000000 00000000 00000000 00000000 00000000 000000
00000000 00000000 00000000 00000000 00000000 00000000 000000
00000000 00000000 00000000 00000000 00000000 00000000 000000
00000000 00000000 00000000 00000000 00000000 00000000 000000
00000000 00000000 00000000 00000000 00000000 00000000 000000
00000000 00000000 00000000 00000000 00000000 00000000 000000
00000000 00000000 00000000 00000000 00000000 00000000 000000
00000000 00000000 00000000 00000000 00000000 00000000 000000
00000000 00000000 00000000 00000000 00000000 00000000 000000
00000000 00000000 00000000 00000000 00000000 00000000 000000
00000000 00000000 00000000 00000000 00000000 00000000 000000
00000000 00000000 00000000 00000000 00000000 00000000 000000
00000000 00000000 00000000 00000000 00000000 00000000 000000
00000000 00000000 00000000 00000000 00000000 00000000 000000
00000000 00000000 00000000 00000000 00000000 00000000 000000
00000000 00000000 00000000 00000000 00000000 00000000 000000
00000000 00000000 00000000 00000000 00000000 00000000 000000
00000000 00000000 00000000 00000000 00000000 00000000 000000
00000000 00000000 00000000 00000000 00000000 00000000 000000
00000000 00000000 00000000 00000000 00000000 00000000 000000
00000000 00000000 00000000 00000000 00000000 00000000 000000
00000000 00000000 00000000 00000000 00000000 00000000 000000
00000000 00000000 00000000 00000000 00000000 00000000 000000
00000000 00000000 00000000 00000000 00000000 00000000 000000
00000000 00000000 00000000 00000000 00000000 00000000 000000
00000000 00000000 00000000 00000000 00000000 00000000 000000
00000000 00000000 00000000 00000000 00000000 00000000 000000
00000000 00000000 00000000 00000000 00000000 00000000 000000
00000000 00000000 00000000 00000000 00000000 00000000 000000
00000000 00000000 00000000 00000000 00000000 00000000 000000
00000000 00000000 00000000 00000000 00000000 00000000 000000
00000000 00000000 00000000 00000000 00000000 00000000 000000
00000000 00000000 00000000 00000000 00000000 00000000 000000
00000000 00000000 00000000 00000000 00000000 00000000 000000
00000000 00000000 00000000 00000000 00000000 00000000 000000
00000000 00000000 00000000 00000000 00000000 00000000 000000
00000000 00000000 00000000 00000000 00000000 00000000 000000
00000000 00000000 00000000 00000000 00000000 00000000 000000
00000000 00000000 00000000 00000000 00000000 00000000 000000
00000000 00000000 00000000 00000000 00000000 00000000 000000
00000000 00000000 00000000 00000000 00000000 00000000 000000
00000000 00000000 00000000 00000000 00000000 00000000 000000
00000000 00000000 00000000 00000000 00000000 00000000 000000
00000000 00000000 00000000 00000000 00000000 00000000 000000
00000000 00000000 00000000 00000000 00000000 00000000 000000
00000000 00000000 00000000 00000000 00000000 00000000 000000
00000000 00000000 00000000 00000000 00000000 00000000 000000
00000000 00000000 00000000 00000000 00000000 00000000 000000
00000000 00000000 00000000 00000000 00000000 00000000 000000
00000000 00000000 00000000 00000000 00000000 00000000 000000
00000000 00000000 00000000 00000000 00000000 00000000 000000
00000000 00000000 00000000 00000000 00000000 00000000 000000
00000000 00000000 00000000 00000000 00000000 00000000 000000
00000000 00000000 00000000 00000000 00000000 00000000 000000
00000000 00000000 00000000 00000000 00000000 00000000 000000
00000000 00000000 00000000 00000000 00000000 00000000 000000
00000000 00000000 00000000 00000000 00000000 00000000 000000
00000000 00000000 00000000 00000000 00000000 00000000 000000
00000000 00000000 00000000 00000000 00000000 00000000 000000
00000000 00000000 00000000 00000000 00000000 00000000 000000
00000000 00000000 00000000 00000000 00000000 00000000 000000
00000000 00000000 00000000 00000000 00000000 00000000 000000
00000000 00000000 00000000 00000000 00000000 00000000 000000
00000000 00000000 00000000 00000000 00000000 00000000 000000
00000000 00000000 00000000 00000000 00000000 00000000 000000
00000000 00000000 00000000 00000000 00000000 00000000 000000
00000000 00000000 00000000 00000000 00000000 00000000 000000
00000000 00000000 00000000 00000000 00000000 00000000 000000
00000000 00000000 00000000 00000000 00000000 00000000 000000
00000000 00000000 00000000 00000000 00000000 00000000 000000
00000000 00000000 00000000 00000000 00000000 00000000 000000
 